[gd_resource type="Skin" format=3 uid="uid://dc5r1em81mx3i"]

[resource]
resource_name = "Skin"
bind_count = 66
bind/0/name = &"Hips"
bind/0/bone = -1
bind/0/pose = Transform3D(1, 0, 0, 0, 1, 2.98023e-08, 0, 1.49012e-08, 1, 0, -0.881941, -0.013399)
bind/1/name = &"Spine"
bind/1/bone = -1
bind/1/pose = Transform3D(1, 0, 0, 0, 1, 4.65661e-08, 0, -1.30385e-08, 1, 0, -1.02877, 0.010021)
bind/2/name = &"Chest"
bind/2/bone = -1
bind/2/pose = Transform3D(1, 0, 0, 0, 1, 5.21541e-08, 0, -2.23517e-08, 1, 0, -1.10463, 0.00829393)
bind/3/name = &"UpperChest"
bind/3/bone = -1
bind/3/pose = Transform3D(1, 0, 0, 0, 0.964385, 0.264503, 0, -0.264503, 0.964385, 0, -1.20009, 0.348391)
bind/4/name = &"breast.L"
bind/4/bone = -1
bind/4/pose = Transform3D(1, 4.66508e-07, 2.46438e-08, -4.45838e-07, 0.964385, 0.264503, 8.72656e-08, -0.264503, 0.964385, -5.871e-07, -1.20009, 0.348391)
bind/5/name = &"breast.R"
bind/5/bone = -1
bind/5/pose = Transform3D(1, -4.66508e-07, -2.46438e-08, 4.45838e-07, 0.964385, 0.264503, -8.72656e-08, -0.264503, 0.964385, 5.871e-07, -1.20009, 0.348391)
bind/6/name = &"Neck"
bind/6/bone = -1
bind/6/pose = Transform3D(1, 0, 0, 0, 0.964385, 0.264503, 0, -0.264503, 0.964385, 0, -1.37573, 0.371806)
bind/7/name = &"Head"
bind/7/bone = -1
bind/7/pose = Transform3D(1, 0, 0, 0, 0.964385, 0.264503, 0, -0.264503, 0.964385, 0, -1.48378, 0.360901)
bind/8/name = &"Jaw"
bind/8/bone = -1
bind/8/pose = Transform3D(-1, 0, 0, 0, -0.264503, 0.964384, 0, 0.964385, 0.264503, 0, 0.350629, -1.49329)
bind/9/name = &"tongue_base"
bind/9/bone = -1
bind/9/pose = Transform3D(-1, 1.42109e-14, 1.06581e-14, -7.10543e-15, -0.264503, 0.964384, 2.84217e-14, 0.964385, 0.264503, 1.42097e-14, 0.329512, -1.46362)
bind/10/name = &"tongue_mod"
bind/10/bone = -1
bind/10/pose = Transform3D(-1, 1.42109e-14, 1.2601e-14, -8.88178e-15, -0.264503, 0.964384, 2.84217e-14, 0.964384, 0.264503, -3.46967e-14, 0.302514, -1.47486)
bind/11/name = &"tongue_tip"
bind/11/bone = -1
bind/11/pose = Transform3D(-1, 1.42109e-14, 1.42109e-14, -8.88178e-15, -0.264503, 0.964384, 2.84217e-14, 0.964384, 0.264503, -1.98047e-14, 0.282841, -1.48005)
bind/12/name = &"lolid.L"
bind/12/bone = -1
bind/12/pose = Transform3D(1, -4.09596e-06, -2.04099e-06, 4.47128e-06, 0.964385, 0.264502, 8.69157e-07, -0.264503, 0.964385, -0.0290293, -1.54093, 0.299475)
bind/13/name = &"lolid.R"
bind/13/bone = -1
bind/13/pose = Transform3D(1, 4.09596e-06, 2.04099e-06, -4.47128e-06, 0.964385, 0.264502, -8.69157e-07, -0.264503, 0.964385, 0.0290293, -1.54093, 0.299475)
bind/14/name = &"uplid.L"
bind/14/bone = -1
bind/14/pose = Transform3D(1, 9.90927e-07, -1.03796e-06, -6.95698e-07, 0.964385, 0.264503, 1.26567e-06, -0.264503, 0.964385, -0.0290374, -1.54093, 0.299476)
bind/15/name = &"uplid.R"
bind/15/bone = -1
bind/15/pose = Transform3D(1, -9.90927e-07, 1.03796e-06, 6.95698e-07, 0.964385, 0.264503, -1.26567e-06, -0.264503, 0.964385, 0.0290374, -1.54093, 0.299476)
bind/16/name = &"LeftEye"
bind/16/bone = -1
bind/16/pose = Transform3D(1, -1.76509e-06, 1.07994e-06, -1.51017e-06, -0.264503, 0.964384, -1.42364e-06, -0.964384, -0.264503, -0.0290334, 0.299476, 1.54093)
bind/17/name = &"RightEye"
bind/17/bone = -1
bind/17/pose = Transform3D(1, 1.76509e-06, -1.07994e-06, 1.51017e-06, -0.264503, 0.964384, 1.42364e-06, -0.964384, -0.264503, 0.0290334, 0.299476, 1.54093)
bind/18/name = &"LeftShoulder"
bind/18/bone = -1
bind/18/pose = Transform3D(-4.65661e-08, -0.264503, 0.964385, 1, -6.23986e-08, 2.6077e-08, 6.23986e-08, 0.964385, 0.264503, 0.336683, -0.0228609, -1.31118)
bind/19/name = &"LeftUpperArm"
bind/19/bone = -1
bind/19/pose = Transform3D(0.137519, 0.116226, -0.983657, 0.666418, -0.745561, 0.0050743, -0.732787, -0.656224, -0.179983, -0.15893, 0.878386, 1.00203)
bind/20/name = &"LeftLowerArm"
bind/20/bone = -1
bind/20/pose = Transform3D(-0.661203, -0.746524, -0.0742473, 0.510987, -0.520615, 0.683997, -0.549275, 0.414322, 0.725696, 1.07968, 0.413348, -0.307795)
bind/21/name = &"LeftHand"
bind/21/bone = -1
bind/21/pose = Transform3D(0.549275, -0.414322, -0.725696, 0.510987, -0.520615, 0.683997, -0.661203, -0.746524, -0.0742474, 0.307795, 0.17342, 1.07968)
bind/22/name = &"LeftThumbMetacarpal"
bind/22/bone = -1
bind/22/pose = Transform3D(0.167928, 0.840855, 0.514552, -0.677216, -0.281339, 0.680766, 0.717189, -0.462783, 0.522196, -1.04912, 0.439684, 0.0227379)
bind/23/name = &"LeftThumbProximal"
bind/23/bone = -1
bind/23/pose = Transform3D(0.188529, 0.865254, 0.464535, -0.341921, -0.385897, 0.857549, 0.92126, -0.320507, 0.223096, -1.07018, 0.323491, -0.134833)
bind/24/name = &"LeftThumbDistal"
bind/24/bone = -1
bind/24/pose = Transform3D(0.188529, 0.865254, 0.464535, -0.341921, -0.385897, 0.857549, 0.92126, -0.320507, 0.223096, -1.07018, 0.287064, -0.134833)
bind/25/name = &"LeftIndexProximal"
bind/25/bone = -1
bind/25/pose = Transform3D(0.606536, -0.593087, -0.529492, 0.129732, -0.583226, 0.801883, -0.7844, -0.555063, -0.276805, 0.437528, 0.286159, 1.00279)
bind/26/name = &"LeftIndexIntermediate"
bind/26/bone = -1
bind/26/pose = Transform3D(0.606536, -0.593087, -0.529492, 0.129732, -0.583226, 0.801883, -0.7844, -0.555063, -0.276805, 0.437528, 0.260182, 1.00279)
bind/27/name = &"LeftIndexDistal"
bind/27/bone = -1
bind/27/pose = Transform3D(0.606536, -0.593087, -0.529492, 0.129732, -0.583226, 0.801883, -0.7844, -0.555063, -0.276805, 0.436858, 0.237533, 0.997814)
bind/28/name = &"LeftMiddleProximal"
bind/28/bone = -1
bind/28/pose = Transform3D(0.550115, -0.417324, -0.723335, 0.213858, -0.766891, 0.605098, -0.807241, -0.487564, -0.33263, 0.319777, 0.479966, 0.964976)
bind/29/name = &"LeftMiddleIntermediate"
bind/29/bone = -1
bind/29/pose = Transform3D(0.550115, -0.417324, -0.723335, 0.213858, -0.766891, 0.605098, -0.807241, -0.487564, -0.33263, 0.319777, 0.445971, 0.964976)
bind/30/name = &"LeftMiddleDistal"
bind/30/bone = -1
bind/30/pose = Transform3D(0.550115, -0.417324, -0.723335, 0.213858, -0.766891, 0.605098, -0.807241, -0.487565, -0.33263, 0.321729, 0.418404, 0.962323)
bind/31/name = &"LeftLittleProximal"
bind/31/bone = -1
bind/31/pose = Transform3D(0.492846, -0.180406, -0.851209, 0.277367, -0.894663, 0.35021, -0.824725, -0.408697, -0.390892, 0.113, 0.634786, 0.898821)
bind/32/name = &"LeftLittleIntermediate"
bind/32/bone = -1
bind/32/pose = Transform3D(0.492846, -0.180406, -0.851209, 0.277367, -0.894662, 0.350209, -0.824725, -0.408697, -0.390892, 0.113, 0.61337, 0.898821)
bind/33/name = &"LeftLittleDistal"
bind/33/bone = -1
bind/33/pose = Transform3D(0.492846, -0.180406, -0.851209, 0.277367, -0.894663, 0.35021, -0.824725, -0.408697, -0.390892, 0.114398, 0.597906, 0.896553)
bind/34/name = &"LeftRingProximal"
bind/34/bone = -1
bind/34/pose = Transform3D(0.503484, -0.279012, -0.817715, 0.313395, -0.822994, 0.473777, -0.805163, -0.494806, -0.326923, 0.213376, 0.518521, 0.966168)
bind/35/name = &"LeftRingIntermediate"
bind/35/bone = -1
bind/35/pose = Transform3D(0.503484, -0.279012, -0.817715, 0.313395, -0.822994, 0.473777, -0.805163, -0.494806, -0.326923, 0.213376, 0.488655, 0.966168)
bind/36/name = &"LeftRingDistal"
bind/36/bone = -1
bind/36/pose = Transform3D(0.503484, -0.279012, -0.817715, 0.313395, -0.822994, 0.473777, -0.805163, -0.494806, -0.326923, 0.215645, 0.46399, 0.96329)
bind/37/name = &"RightShoulder"
bind/37/bone = -1
bind/37/pose = Transform3D(-4.65661e-08, 0.264503, -0.964385, -1, -6.23986e-08, 2.6077e-08, -6.23986e-08, 0.964385, 0.264503, -0.336683, -0.0228609, -1.31118)
bind/38/name = &"RightUpperArm"
bind/38/bone = -1
bind/38/pose = Transform3D(0.137519, -0.116226, 0.983657, -0.666418, -0.745561, 0.0050743, 0.732787, -0.656224, -0.179983, 0.15893, 0.878386, 1.00203)
bind/39/name = &"RightLowerArm"
bind/39/bone = -1
bind/39/pose = Transform3D(-0.661203, 0.746524, 0.0742473, -0.510987, -0.520615, 0.683997, 0.549275, 0.414322, 0.725696, -1.07968, 0.413348, -0.307795)
bind/40/name = &"RightHand"
bind/40/bone = -1
bind/40/pose = Transform3D(0.549275, 0.414322, 0.725696, -0.510987, -0.520615, 0.683997, 0.661203, -0.746524, -0.0742474, -0.307795, 0.17342, 1.07968)
bind/41/name = &"RightThumbMetacarpal"
bind/41/bone = -1
bind/41/pose = Transform3D(0.167928, -0.840855, -0.514552, 0.677216, -0.281339, 0.680766, -0.717189, -0.462783, 0.522196, 1.04912, 0.439684, 0.0227379)
bind/42/name = &"RightThumbProximal"
bind/42/bone = -1
bind/42/pose = Transform3D(0.188529, -0.865254, -0.464535, 0.341921, -0.385897, 0.857549, -0.92126, -0.320507, 0.223096, 1.07018, 0.323491, -0.134833)
bind/43/name = &"RightThumbDistal"
bind/43/bone = -1
bind/43/pose = Transform3D(0.188529, -0.865254, -0.464535, 0.341921, -0.385897, 0.857549, -0.92126, -0.320507, 0.223096, 1.07018, 0.287064, -0.134833)
bind/44/name = &"RightIndexProximal"
bind/44/bone = -1
bind/44/pose = Transform3D(0.606536, 0.593087, 0.529492, -0.129732, -0.583226, 0.801883, 0.7844, -0.555063, -0.276805, -0.437528, 0.286159, 1.00279)
bind/45/name = &"RightIndexIntermediate"
bind/45/bone = -1
bind/45/pose = Transform3D(0.606536, 0.593087, 0.529492, -0.129732, -0.583226, 0.801883, 0.7844, -0.555063, -0.276805, -0.437528, 0.260182, 1.00279)
bind/46/name = &"RightIndexDistal"
bind/46/bone = -1
bind/46/pose = Transform3D(0.606536, 0.593087, 0.529492, -0.129732, -0.583226, 0.801883, 0.7844, -0.555063, -0.276805, -0.436858, 0.237533, 0.997814)
bind/47/name = &"RightMiddleProximal"
bind/47/bone = -1
bind/47/pose = Transform3D(0.550115, 0.417324, 0.723335, -0.213858, -0.766891, 0.605098, 0.807241, -0.487564, -0.33263, -0.319777, 0.479966, 0.964976)
bind/48/name = &"RightMiddleIntermediate"
bind/48/bone = -1
bind/48/pose = Transform3D(0.550115, 0.417324, 0.723335, -0.213858, -0.766891, 0.605098, 0.807241, -0.487564, -0.33263, -0.319777, 0.445971, 0.964976)
bind/49/name = &"RightMiddleDistal"
bind/49/bone = -1
bind/49/pose = Transform3D(0.550115, 0.417324, 0.723335, -0.213858, -0.766891, 0.605098, 0.807241, -0.487565, -0.33263, -0.321729, 0.418404, 0.962323)
bind/50/name = &"RightLittleProximal"
bind/50/bone = -1
bind/50/pose = Transform3D(0.492846, 0.180406, 0.851209, -0.277367, -0.894663, 0.35021, 0.824725, -0.408697, -0.390892, -0.113, 0.634786, 0.898821)
bind/51/name = &"RightLittleIntermediate"
bind/51/bone = -1
bind/51/pose = Transform3D(0.492846, 0.180406, 0.851209, -0.277367, -0.894662, 0.350209, 0.824725, -0.408697, -0.390892, -0.113, 0.61337, 0.898821)
bind/52/name = &"RightLittleDistal"
bind/52/bone = -1
bind/52/pose = Transform3D(0.492846, 0.180406, 0.851209, -0.277367, -0.894663, 0.35021, 0.824725, -0.408697, -0.390892, -0.114398, 0.597906, 0.896553)
bind/53/name = &"RightRingProximal"
bind/53/bone = -1
bind/53/pose = Transform3D(0.503484, 0.279012, 0.817715, -0.313395, -0.822994, 0.473777, 0.805163, -0.494806, -0.326923, -0.213376, 0.518521, 0.966168)
bind/54/name = &"RightRingIntermediate"
bind/54/bone = -1
bind/54/pose = Transform3D(0.503484, 0.279012, 0.817715, -0.313395, -0.822994, 0.473777, 0.805163, -0.494806, -0.326923, -0.213376, 0.488655, 0.966168)
bind/55/name = &"RightRingDistal"
bind/55/bone = -1
bind/55/pose = Transform3D(0.503484, 0.279012, 0.817715, -0.313395, -0.822994, 0.473777, 0.805163, -0.494806, -0.326923, -0.215645, 0.46399, 0.96329)
bind/56/name = &"LeftUpperLeg"
bind/56/bone = -1
bind/56/pose = Transform3D(-0.999998, 7.3228e-05, -2.33352e-05, -7.1954e-05, -1, 5.73099e-05, -2.61366e-05, 5.72801e-05, 1, 0.101856, 0.873605, -0.00513908)
bind/57/name = &"butt.L"
bind/57/bone = -1
bind/57/pose = Transform3D(-0.999998, 7.32355e-05, -2.32635e-05, -7.19726e-05, -1, 5.73099e-05, -2.61003e-05, 5.73993e-05, 1, 0.101856, 0.873605, -0.00513916)
bind/58/name = &"LeftLowerLeg"
bind/58/bone = -1
bind/58/pose = Transform3D(0.999998, -7.32254e-05, 2.33871e-05, -7.19491e-05, -1, 5.7295e-05, 2.60671e-05, -5.72801e-05, -1, -0.143096, 0.477988, 0.0376487)
bind/59/name = &"LeftFoot"
bind/59/bone = -1
bind/59/pose = Transform3D(-0.995007, -0.0322378, 0.0944417, 0.0997898, -0.322022, 0.94146, 5.96344e-05, 0.946183, 0.323632, 0.180708, -0.0165233, -0.0736484)
bind/60/name = &"LeftToes"
bind/60/bone = -1
bind/60/pose = Transform3D(0.995007, 0.0322378, -0.0944417, 0.0997898, -0.322022, 0.94146, -5.96419e-05, -0.946183, -0.323632, -0.180708, -0.156514, 0.0736484)
bind/61/name = &"RightUpperLeg"
bind/61/bone = -1
bind/61/pose = Transform3D(-0.999998, -7.3228e-05, 2.33352e-05, 7.1954e-05, -1, 5.73099e-05, 2.61366e-05, 5.72801e-05, 1, -0.101856, 0.873605, -0.00513908)
bind/62/name = &"butt.R"
bind/62/bone = -1
bind/62/pose = Transform3D(-0.999998, -7.32355e-05, 2.32635e-05, 7.19726e-05, -1, 5.73099e-05, 2.61003e-05, 5.73993e-05, 1, -0.101856, 0.873605, -0.00513916)
bind/63/name = &"RightLowerLeg"
bind/63/bone = -1
bind/63/pose = Transform3D(0.999998, 7.32254e-05, -2.33871e-05, 7.19491e-05, -1, 5.7295e-05, -2.60671e-05, -5.72801e-05, -1, 0.143096, 0.477988, 0.0376487)
bind/64/name = &"RightFoot"
bind/64/bone = -1
bind/64/pose = Transform3D(-0.995007, 0.0322378, -0.0944417, -0.0997898, -0.322022, 0.94146, -5.96344e-05, 0.946183, 0.323632, -0.180708, -0.0165233, -0.0736484)
bind/65/name = &"RightToes"
bind/65/bone = -1
bind/65/pose = Transform3D(0.995007, -0.0322378, 0.0944417, -0.0997898, -0.322022, 0.94146, 5.96419e-05, -0.946183, -0.323632, 0.180708, -0.156514, 0.0736484)
